$ANSIBLE_VAULT;1.1;AES256
36343532396664316232666431663631383438396362396233323861633966653831663439303264
6632363163626636353133376631653232376361363737370a353933613362333537333464633165
37396138323064393839396265343735333039313135303762656637376630363539343565353061
3539653465613436380a323662343065666339643732366333343466643037383462333437393062
36323332376332306437633866373631356438343634306662363963306631356331373535376663
30366635303933626237393937373563636331623261353164613063363432646565363838326534
62633133323937326633393433393935396431313036376538313038626164363238373739653238
32656632323563303836313235353532303332383763643061383964316562626537326338306638
65383837333463646133353761356531323331616264353631306562336633623966353231646635
30306433646638613737613533336636353030333538613164356561306134376462623839343037
32323866653438633038333730326666666637663230373164613435376639656466393736373764
34656331376365326464393030636334313732356538393163636630383032383435643764383662
65393362613830656434336564616539353034653465333838316361336366616133303731323532
62356232316531373132376337633137353464396166313439336438373936343931333536643037
66373461643432646539343138613633356434653133333633383262326165646662316366333733
34663534346564323836643034363933313763336639393166386235643963613836633636643763
31646430386233663038353264343831383534383163346131353136663235633635393366623934
63633065323837623861396633366138643631386338633064633166313239666632323535393233
36333232666163656261663364333166663331623034386633326537613437343630313263656263
66313333303164666137356231383162333738353739613537356461613761363363313462616134
34383961303966333635376634646361383135643864346163396466626430313762623532323133
37306632373835666339623836613165303035333763343931643039376435633131663936366634
32363033336537366633353933386266663764663530306535653561343066663064633638386335
38643166333364363635613430313263373236626265363035653837313664663566346330613431
65373539663934393866666265633530346431356139613234333833316335376437373164386339
33626563363335383463333466643639336432323065613133333338613934303234303733343766
61343963323830313161323764643732343031666239623037343139633337626262623738623539
30643234626633373139666534346236643662616666336636653737653266383565303339613837
39666662643031316132393035633437653435323962373963343463633964336665653633646165
66373163613736353665323961326430393366633862613162393366333562653134376664663638
39636339623636633962343635623036323335643362616539363436386365626333646562343530
36393563363531353333666436356562386138636364323865323935663962383266646164393730
64653430656164353563653665636139626636366239336362653065383834356333376130353961
31353639623661366638353331656439626131333636316436373039336233326136636437373462
61346230353238623730333535393334306231653430666230366261613361303536376561383865
64363661633639306163316535346430626665636437373239366433393337303563663635333263
39323734623465376633383061313365393034643263663930376539366336633563663439396265
31313131643939313537343764366464393433363837376335356434393861633437333239323939
34393663343933323233373266373664636266616636666232393365336662346530613365393137
37633133613231316362643062633861346339623731346366643334313065316663393831326639
32356266316661313933623962303833613834373339386138376531343839316235383632393930
65383432376362623766313232663335633931323837656539376666363636353738323038666637
61303935383932666135366364353165386266656461396634386639306365623430353962633530
37356232626232373137366564356463326361373861356433636338346439616265323935313365
64616337313362363735393039633239633530653535323436383231343637306166306539623731
39393038313330316232323533343630373839396337643030613563336164646463623865353561
37346464336166353630653130656662626636646666653061383232376231383830643461656130
33643466393439356236363132653230383465393331396565623234633238343961656531613339
62326538613034653238326565356235303666643235343834643864373032366431313462376330
38313066613865356563396236326238343033336130316562363263393234653064663262303230
33326261313136353262343935616330303962333964643062323836643435373139363864333462
37356639356136613361386161666231643631366135623437313062376265353239643834333536
64636137346130653561616466663733376336643166363838333365353336663939376136396433
35323933366663663336326637666130643638393831363233323763333134383632303165333863
61393865633064313439666539623230636135333232633664383562353362313163366230356332
63323439303764343439316462333830313531313261396161663965303764333538393136363631
37316664643632373264646666653664326566363435316232383062633036663034383733326635
33323763383738383031646661633866666635613533313464656138343766633861303534303038
64313763316636353633363161303362623830353139613236623432626263396334613463323562
39343836623664663933636265326235613439363336323265333736386638643337383339353262
61346337316230663464353838343238656330363730343838323734363463363034303365633135
61663761353166633333383164633536666466363731356261613930623766396333306134636235
30363165313331356132363435313138326365316431313963656134663465373133626432363331
34646136313433393537336136376335636235353830393739343537633138343337353030616666
32306132626666303162393362336635643730656233636666386265343937656132343936386537
35663435323735383461313866616233323337396166613562636566303934326338303031613264
64613061333931616431393635353931643061653030353066326462316335333631613037306639
65376664373532323862613964666135616666376130306261393832323463666235373833303762
31643630323430613033326563616334656663323639646238313231313232333063373637386538
39346434346534623039336237356632323033316231653038346631326530643538653164383031
38333932373866303763666435323038323031383064336631303961336531656539383139653133
39336431356338626636393262643339653739636463393438383738623233663431656163383662
62653564633735613465393538336365366430323662633961616533343935386133663236626639
62386164386130306433346133393037653131396135393636666333656533333936373639333236
35346532343230656638613231663365396434366636373336396531343837366533626435656637
35363939363461623262616666626635356363373031313037343033316134303463363530663536
61656363323830373236383861366263656664643061646630363763356165386635336333643538
31656662613535633335643930316639383535613263356139666366656563633738643630326662
39343038656163666534326433653761386435303562363563336237623565633730623634386163
61626663356233343930363435386635333462356532326531323564666663393137326364363739
39653430316362333065383466316233643236653461383464313066386638376662386536373164
62353133363265663563653463353837336364643434303364323565643737323430396538363338
33396433346432373937636633393338653065356265396261356639356133396234373764313666
66643130336230343035333663383164653937323234653934386431373738646536393937373431
61373565383736376165663237616534643039303365376361643831653630623635653465643064
33663361303134633165636364656430393830313263316239653836356537653830666665393164
61316132356563333833643230346562303937353435613932376464616231626434363138386462
35336137613931313638383365343961656432386565373663306234376537633065373336643030
36306532353234373664383334373566323739353430656163633936326465373561323533663136
64386237626638303339343462376264343765383661636337626265363230363239396234633362
65343433623136353166376562376364333334653333373332626131336462386136373562346537
37613439666433663165656462346534643362336336343230383636376365646437393036343863
39306536303233653934346137346231313037343638623461663936363935643631356664643966
30323965616539326331616534663635383765383538363066633133356538633130356634336139
63393338313562616265373965313131353830373836623637313032393531653761633335353130
66666533616362663133646532393937373938346535653630623634646639326239633033353664
65653961643037343562396365326132643631373533653539643337306534633031633461323537
39626330373964653430376337626364636235343361386437653237353330626662616137623236
63366235636264353933646565376336303062666662326536646262313031626334323766663036
66653963336261356530343661383438643031346166353536653561626362356262383530396139
66316234336535643132343035613431313737643461623438613261653963386330363265376531
32346634376165396530366534323936646630356432343938353136623063303636623966333239
33363233306265323931353030306136303031643263386332323965656332343235396231663237
37623538353465313831386661646663633266623039306361643237366666353932346666393031
38323534386538623461613436343662633161376265396664366534306332393037343132356633
64613865313631643365663136623931303931323930393732666436306337386166656238663730
39656432633163393765613630666339623939333965333562336633613866623061353036326462
35316566663739613661636235326434653639306639366136376532613066616131373539623731
34613639376264386539663432383062356132303266633065316563323632346662636164653863
33333437306164366661313536316561613338666137613266646562313466353134623234326366
38636363653162663862353161393438356465636135353662653164633239383635326261346538
37396665613565356138643537333634366164373633303763303930353336366464643531613238
34623238333161633636633938623537633432366335326639646431336666626238353738633736
64323964313232393333663031613031373764333865633362356362313534646361643062616333
64643636333863666461366639396538373465353161653935396132396664623336613332623839
32633437386231303664346130316132383565613931623331316565643966366534323865363038
61383031356233373539633265306237383038623533373533353037663035623665333433373430
38303832393265373131653466643734653532643138666337623834646538613465393436396634
35376166333462313939313465386431343661636335663562366264353536313638663430643236
39383638353435663538346164626636646239656361623831323162653838363066653435383735
33316465623962323266353161383962366466386131366332313535326336653230336130626435
31656230333130636138323530333133626165313162646434616138333639396266656662623761
63393135363764623263653639333435306261643531613031383063363736646662613064616665
36326131623365346562
