$ANSIBLE_VAULT;1.1;AES256
38363961343862386332353835386337346133376265646236613032303931383966643461306235
6564626638396336306132353765353137363764666564360a373931353133396238323132633163
63623931663266663162326666366566616665333338623137366633623162383738383663343263
6234383865616563380a373539386264343934396561616339623365353333373665323134333063
30373138363632666263336638626533346134366661613433333131356166393833333539393139
36373839636430343739643634663263356432373532363537613531336533303438633834336531
65636430316430373832393238363163656336333637363136333532313163306234373135656137
32656538393738623661633437636661333435306362303734363961333833636361353737663433
32656366363761656465663234613233656231633335646162326630366139333837313731616433
37343761653162393734663535366661663833363930363831386336623637303432366636343532
34643538333931616134343730623638353033626461376463333839306138633334636437356533
65396630356432336334613737653137323263626232366331656230653962393830313139383165
3439
